1.000000000000000000e+00 9.186877238362056719e-01
1.183673469387755084e+00 9.978985063575068759e-01
1.367346938775510168e+00 9.985356733878814062e-01
1.551020408163265252e+00 9.989362670537346167e-01
1.734693877551020336e+00 9.584279616427643367e-01
1.918367346938775420e+00 9.103639628594361044e-01
2.102040816326530503e+00 6.995061428912200396e-01
2.285714285714285587e+00 7.218596022005706603e-01
2.469387755102040671e+00 4.378807565363327381e-01
2.653061224489795755e+00 3.893940887317679511e-01
2.836734693877550839e+00 1.456721561394972164e-01
3.020408163265306367e+00 8.984710421418530546e-02
3.204081632653061451e+00 -3.790930069836266347e-01
3.387755102040816535e+00 -4.879475906273806896e-01
3.571428571428571619e+00 -5.086162058315216727e-01
3.755102040816326703e+00 -8.071627147475873842e-01
3.938775510204081787e+00 -8.730339985257139501e-01
4.122448979591837315e+00 -9.466039259005618600e-01
4.306122448979591510e+00 -9.882452974567299542e-01
4.489795918367347483e+00 -9.960743401958520593e-01
4.673469387755101678e+00 -9.996835838901423354e-01
4.857142857142857650e+00 -9.841099256313473598e-01
5.040816326530612734e+00 -9.230241936321994523e-01
5.224489795918367818e+00 -8.247081065518225840e-01
5.408163265306122902e+00 -6.118213985434796109e-01
5.591836734693877986e+00 -6.169612869171954284e-01
5.775510204081633070e+00 -3.806232590175849251e-01
5.959183673469388154e+00 -3.099347913854092473e-01
6.142857142857143238e+00 5.589524860820566099e-02
6.326530612244898322e+00 3.561010185471687461e-01
6.510204081632653406e+00 4.726766918639794257e-01
6.693877551020408490e+00 4.140188979877530429e-01
6.877551020408163573e+00 6.338990237705358632e-01
7.061224489795918657e+00 7.797756228406725887e-01
7.244897959183673741e+00 9.366805100283541741e-01
7.428571428571428825e+00 9.876292632060770238e-01
7.612244897959183909e+00 9.979364435795055055e-01
7.795918367346938993e+00 9.846837037318912911e-01
7.979591836734694077e+00 9.830533713305146248e-01
8.163265306122449161e+00 8.703193786290849276e-01
8.346938775510203357e+00 8.528944893972150165e-01
8.530612244897959329e+00 6.959343099172828895e-01
8.714285714285715301e+00 6.056826651590829780e-01
8.897959183673469497e+00 2.463519467217778203e-01
9.081632653061225469e+00 2.310913358736426670e-01
9.265306122448979664e+00 -8.653318684404734396e-02
9.448979591836735636e+00 -1.572725623230827041e-01
9.632653061224489832e+00 -3.464076122214606590e-01
9.816326530612245804e+00 -3.974456035571333756e-01
1.000000000000000000e+01 -7.027064457681623244e-01
