4.73
12.40
6.66
9.44
8.94
0.51
1.38
5.70
6.70
3.40
7.10
7.20
3.25
10.60
2.61
9.17
8.35
4.52
1.89
8.95
7.04
5.65
6.23
5.74
10.20
9.33
6.22
9.75
9.00
10.30
1.80
3.39
9.60
4.30
4.57
5.20
9.66
4.50
3.40
3.90
9.41
6.20
2.61
5.55
7.00
7.77
5.70
6.58
9.67
9.94
4.01
5.41
9.21
8.27
9.35
8.60
5.92
5.60
5.73
3.50
10.13
7.15
4.95
10.58
4.26
5.11
6.60
10.04
5.47
4.30
6.45
5.85
9.87
4.84
9.87
10.39
4.22
8.78
9.80
4.81
9.14
9.53
9.68
8.18
4.64
4.29
6.04
5.93
8.42
3.70
5.02
9.87
4.11
9.00
7.80
6.37
9.41
10.30
9.44
7.12
8.85
5.44
9.27
9.53
9.55
6.05
9.00
9.50
9.64
8.80
10.29
9.88
10.40
10.62
9.41
10.80
10.70
9.00
9.30
11.32
10.16
8.10
9.12
8.66
9.54
9.47
7.09
9.37
6.65
11.34
10.70
10.57
10.80
11.30
10.52
10.43
9.71
9.30
10.64
11.18
11.60
10.90
8.90
9.30
9.20
9.40
9.36
10.19
9.55
7.16
10.20
2.04
6.09
4.80
3.10
4.82
6.99
4.68
4.97
4.97
4.85
4.77
4.42
4.60
4.82
3.80
8.87
2.83
3.15
2.24
8.46
3.16
2.79
2.62
3.13
2.90
0.53
1.48
3.55
4.87
5.00
5.10
5.51
5.69
5.15
5.80
8.10
10.00
2.36
6.45
3.05
5.05
4.88
5.63
4.93
4.15
1.99
1.50
9.30
4.49
5.01
5.85
4.10
5.11
0.31
3.80
4.65
5.80
6.20
5.86
3.77
8.40
5.98
3.85
2.40
1.45
1.50
9.38
6.65
3.32
12.94
7.79
6.90
4.26
6.41
6.85
2.55
7.55
9.68
8.92
2.15
11.79
9.25
5.83
10.71
6.27
7.79
5.24
7.92
1.90
1.80
8.80
10.35
5.30
4.88
9.99
9.56
4.20
4.19
10.03
6.09
8.81
8.32
5.32
2.47
9.58
10.53
9.06
8.30
4.10
3.78
1.34
8.87
7.99
7.08
10.99
9.40
5.20
7.50
4.17
5.20
9.46
6.39
9.98
6.03
6.55
7.18
6.65
7.30
10.51
4.60
9.19
4.60
8.81
4.24
4.60
8.51
9.51
9.40
10.75
4.99
9.60
9.52
9.00
4.53
8.04
2.60
11.04
9.34
9.33
8.80
9.60
8.60
9.80
7.07
8.27
10.47
6.10
10.04
9.37
9.73
6.98
6.28
5.15
11.20
10.35
10.65
10.60
10.63
9.55
9.00
9.10
9.00
9.50
10.12
10.00
2.64
5.24
5.28
2.68
3.12
2.88
5.30
4.65
3.92
3.89
6.16
4.24
2.35
1.75
3.80
4.00
1.70
5.70
6.55
3.18
5.32
0.33
3.80
1.80
8.90
8.00
9.32
6.17
4.28
4.38
3.81
4.53
6.37
3.53
4.09
4.61
4.52
2.40
2.66
4.52
4.66
9.62
5.32
4.31
5.18
4.57
4.83
4.41
4.48
7.06
6.87
4.10
3.75
2.00
8.36
4.04
6.05
8.97
7.23
6.78
11.20
6.12
10.30
8.61
10.54
9.82
5.28
7.80
5.07
6.71
2.20
8.05
3.65
5.60
9.70
8.55
7.74
10.70
3.69
9.79
5.70
8.00
7.36
1.06
5.21
6.13
9.98
8.02
8.70
8.65
9.55
10.20
8.94
10.91
9.45
4.11
7.02
9.80
7.22
7.24
10.70
9.77
10.80
12.13
9.70
10.02
7.60
9.85
10.30
9.43
8.21
10.09
5.48
10.50
7.90
10.63
11.01
8.87
9.10
8.50
9.60
11.07
10.79
10.11
1.31
2.20
4.00
4.00
11.35
2.60
1.00
4.71
10.78
4.41
4.53
4.52
6.68
7.30
3.38
3.27
5.36
5.00
6.88
5.03
6.04
4.40
8.04
5.20
7.31
9.99
7.17
4.55
4.68
6.82
5.09
2.26
4.80
9.65
8.11
9.30
11.00
1.82
3.33
3.86
2.79
4.88
4.82
6.45
6.92
4.63
4.21
6.08
6.14
8.35
4.68
3.66
1.00
9.89
7.09
2.92
3.80
10.85
3.09
0.92
1.16
2.88
4.20
10.42
6.76
3.66
4.95
3.80
3.98
0.37
1.38
5.17
5.90
9.21
9.72
4.50
5.80
5.49
9.10
0.18
6.64
7.04
4.17
8.49
4.01
5.77
7.65
5.75
6.95
6.03
6.07
4.98
9.90
10.07
6.35
9.78
9.53
5.75
10.00
7.66
10.74
3.65
9.20
8.07
8.13
8.01
7.32
6.70
4.95
5.09
4.60
7.55
8.51
8.30
9.25
7.50
9.20
9.84
8.28
10.60
8.40
10.63
8.20
9.20
5.15
4.92
4.58
5.48
7.30
2.95
4.82
5.35
5.52
1.96
1.80
6.20
7.20
3.82
7.00
3.48
1.97
11.01
4.98
6.15
5.23
5.71
5.57
5.96
6.02
5.62
8.92
9.42
7.21
5.30
6.40
8.60
4.34
6.34
6.49
4.63
7.29
6.59
5.14
6.75
8.30
7.23
6.60
2.85
1.41
10.46
3.88
4.62
4.40
3.70
4.30
8.00
12.13
4.64
4.32
8.99
8.83
10.41
8.72
4.86
6.91
6.77
6.99
7.00
8.85
8.61
6.23
7.26
7.85
7.70
7.71
9.87
7.83
8.04
7.72
7.95
7.92
8.74
9.24
1.08
9.54
4.97
6.41
3.96
8.66
12.10
9.70
9.30
8.50
7.00
10.57
9.24
8.30
8.30
8.60
11.28
5.22
7.72
0.35
3.97
3.45
5.78
8.20
5.60
4.40
3.00
3.68
4.50
4.54
7.20
6.24
5.45
5.90
5.99
5.34
8.29
8.49
7.71
6.82
6.79
7.20
6.32
8.30
4.09
5.32
4.62
3.95
8.57
6.25
4.30
7.98
7.18
7.49
9.67
4.64
10.23
5.52
8.84
10.27
11.04
6.10
9.82
7.00
6.41
6.01
6.71
6.15
6.84
7.38
8.47
12.25
8.97
3.20
8.60
7.50
9.82
7.80
7.60
6.70
9.25
7.70
9.70
5.96
8.96
8.11
7.70
9.30
10.02
9.23
11.30
8.80
8.10
10.60
10.61
7.50
8.10
0.57
0.02
5.70
1.04
1.05
1.25
5.66
3.22
3.71
7.20
5.60
6.07
5.54
6.50
6.31
8.17
8.02
8.50
10.23
8.52
9.20
3.18
2.37
6.56
9.29
8.57
9.30
6.74
9.46
10.28
6.64
6.10
6.07
9.42
9.03
8.62
7.80
7.79
8.60
9.13
8.69
8.42
7.68
9.47
9.87
10.61
7.60
7.50
4.39
7.42
6.72
4.67
9.30
1.59
9.50
1.34
1.26
1.41
3.47
7.08
7.22
6.21
6.25
6.20
4.59
6.76
6.50
7.72
7.97
7.96
7.18
7.14
6.89
7.07
9.40
5.30
10.71
2.60
2.50
11.79
4.94
7.52
8.94
8.63
7.55
5.61
7.05
9.70
4.84
5.31
6.99
9.15
7.58
6.67
4.40
7.80
9.54
6.24
6.62
9.48
11.25
10.60
6.50
4.90
4.90
4.82
4.49
3.90
8.90
7.07
9.94
8.69
12.05
6.20
9.26
8.08
8.05
8.60
7.12
9.97
9.40
9.30
7.11
7.49
8.79
2.58
5.72
11.34
8.75
8.83
8.71
9.41
5.12
7.08
9.52
5.75
9.30
7.00
4.12
9.48
10.60
6.40
6.60
6.86
9.10
5.83
8.29
7.83
8.15
7.90
9.59
7.98
7.65
6.29
8.80
7.25
8.03
8.50
9.00
6.90
9.41
9.82
6.67
9.00
4.88
10.35
10.20
8.84
9.54
9.59
6.20
4.40
2.60
6.23
6.60
9.89
7.46
5.68
6.39
9.55
8.50
8.26
7.40
8.53
6.47
6.90
9.23
7.53
8.70
10.04
13.00
10.50
8.71
8.79
6.10
8.40
8.60
9.50
7.44
8.07
6.10
6.83
8.40
4.48
8.80
8.62
8.07
8.80
8.80
10.14
8.50
4.51
9.31
6.10
3.70
9.20
9.00
6.81
8.70
8.61
7.73
8.88
4.67
8.86
6.98
8.00
7.57
12.50
7.70
6.20
10.60
9.19
8.80
8.90
6.93
8.68
8.68
5.86
6.95
8.92
8.91
9.07
8.86
7.03
7.17
7.12
7.90
8.50
4.84
4.69
8.07
9.20
8.78
8.84
9.70
11.00
5.60
9.25
7.15
11.00
5.60
7.90
2.50
5.37
2.53
1.82
8.54
9.66
5.90
0.80
9.72
2.97
10.98
13.40
7.69
4.75
9.55
7.95
5.20
7.16
9.98
7.30
7.50
6.64
10.55
9.64
1.31
2.61
7.07
8.19
2.31
4.11
5.57
2.34
9.40
5.26
7.75
3.09
5.06
9.74
11.29
7.86
5.91
7.58
9.78
7.64
10.22
9.27
9.04
5.95
1.19
8.32
5.15
4.77
10.65
9.96
9.15
9.43
3.65
9.67
10.00
9.30
8.98
8.84
9.28
5.97
10.70
10.56
11.05
10.73
10.05
10.00
9.15
9.15
9.53
5.62
9.74
9.92
10.35
8.80
9.12
9.43
9.04
7.82
10.46
9.88
7.35
7.63
10.00
6.58
6.85
10.11
9.53
10.67
9.99
9.67
11.50
2.33
8.59
8.68
1.87
10.46
9.17
13.00
7.48
0.40
5.70
2.83
5.19
3.14
12.25
9.42
2.30
3.66
7.51
7.97
2.48
6.38
9.00
7.26
9.86
4.05
2.39
3.81
5.52
13.40
4.59
5.78
9.65
9.54
8.88
5.30
7.75
7.85
8.10
8.31
7.17
5.69
11.30
5.33
5.37
10.96
1.80
1.91
8.00
8.71
9.67
10.16
9.91
10.19
10.15
10.48
9.80
7.94
7.01
7.98
5.23
11.24
8.72
8.90
7.66
9.49
10.11
10.60
9.13
9.98
10.22
7.80
10.43
10.75
9.85
10.78
8.96
9.90
9.09
8.73
6.67
9.60
10.63
5.80
10.90
8.86
10.65
10.89
9.62
10.39
10.93
10.30
10.17
13.90
13.60
9.76
10.52
8.80
8.81
10.34
6.81
7.14
10.62
10.19
6.38
10.70
10.03
9.86
10.28
9.67
7.34
10.24
1.86
8.49
2.84
8.81
8.43
11.08
5.26
4.59
5.00
3.80
4.68
3.80
2.60
12.30
11.09
11.68
13.00
1.99
3.22
3.46
1.42
6.95
9.00
3.60
3.16
1.84
2.50
3.70
0.75
3.61
9.29
9.94
8.60
4.90
5.58
5.05
4.20
3.15
6.12
3.82
9.06
6.84
12.40
4.55
7.38
6.23
8.05
4.32
8.19
7.64
3.71
3.60
3.45
10.21
7.05
9.92
2.36
9.87
9.23
9.95
10.59
9.33
8.02
8.50
4.82
3.96
3.58
7.88
7.03
2.00
4.00
6.20
12.60
7.91
9.35
8.33
11.94
9.30
9.15
10.06
10.63
7.95
4.18
8.00
5.70
7.94
4.95
4.05
10.96
8.19
8.99
10.92
10.98
10.24
10.67
8.40
10.63
6.95
2.13
7.72
8.40
8.95
10.07
9.82
10.16
11.03
9.70
10.19
7.71
9.69
9.90
10.12
10.76
7.18
9.13
9.86
9.98
6.66
9.84
9.45
9.33
10.68
11.02
10.03
10.91
10.78
11.04
9.91
10.52
10.64
10.60
8.85
9.84
10.20
10.11
9.36
10.62
8.88
7.76
10.30
7.00
9.93
7.08
6.80
10.56
9.23
10.24
9.91
10.72
1.48
1.91
4.13
2.40
1.60
3.95
4.63
3.73
3.86
3.40
4.90
4.83
0.41
3.57
3.32
2.25
3.94
3.40
9.10
1.03
2.60
6.59
6.28
0.65
2.42
2.29
2.60
2.85
9.19
8.80
2.21
2.44
2.62
0.87
0.78
1.19
3.10
2.35
9.90
6.08
6.15
5.98
4.60
11.04
3.27
2.86
4.32
5.02
4.61
4.53
4.31
4.78
8.43
4.61
3.20
6.30
3.33
4.89
3.34
5.54
4.55
5.41
5.00
9.77
8.10
5.10
4.46
3.71
3.58
7.22
7.48
7.24
3.99
4.10
4.11
2.11
4.13
9.44
2.24
6.41
7.13
12.50
8.33
6.16
5.04
4.43
8.30
2.10
3.65
4.10
5.03
9.03
5.70
5.50
10.70
8.20
10.13
8.40
7.00
7.55
7.32
5.10
2.04
3.98
4.93
6.85
9.14
6.35
3.96
6.10
4.58
4.76
4.47
9.21
3.43
3.59
9.17
4.03
4.17
5.00
7.84
2.65
9.68
8.96
9.70
6.67
6.35
2.70
9.37
9.44
9.51
10.00
2.80
4.00
5.75
7.62
9.60
6.74
6.08
9.82
4.24
4.20
8.72
7.35
5.54
7.27
8.70
9.07
8.72
9.92
7.14
8.20
4.48
7.35
7.04
2.80
3.00
8.13
2.90
8.49
10.64
11.74
11.88
11.04
9.38
10.62
11.42
9.43
10.19
7.05
9.93
5.88
10.40
9.62
8.96
9.70
10.10
10.02
8.30
7.62
7.10
8.80
8.28
5.61
5.52
5.10
10.78
9.78
10.60
10.61
11.22
10.26
10.96
7.50
9.78
9.20
9.50
5.90
9.49
10.18
9.35
10.15
8.60
8.29
8.31
8.36
10.66
10.98
10.34
10.97
10.40
11.00
10.55
11.69
9.60
10.00
9.69
8.70
8.90
8.70
7.30
10.09
9.49
9.80
9.88
1.73
2.50
8.78
11.05
3.77
0.13
0.66
0.42
1.92
5.51
4.48
3.78
2.83
0.95
5.69
11.95
3.73
4.87
3.49
1.04
6.19
0.47
5.62
4.87
4.92
6.11
5.15
3.29
4.36
3.15
7.49
5.00
1.12
2.27
3.60
3.32
1.74
3.38
3.23
3.89
4.45
5.80
2.41
4.87
1.37
11.80
5.87
4.44
3.80
2.40
4.72
4.34
4.97
3.02
1.64
1.97
3.80
8.59
3.96
6.16
2.16
2.51
0.50
10.00
8.64
5.94
5.57
5.98
4.70
6.40
6.53
6.15
4.45
6.85
4.80
9.36
10.79
3.47
4.50
8.58
4.80
4.53
3.87
4.60
5.00
5.56
4.24
3.66
4.29
5.20
6.00
4.23
4.51
9.14
9.06
4.34
5.38
5.68
8.60
8.30
4.30
4.84
4.54
2.40
4.46
4.03
4.62
3.52
7.12
8.12
5.32
5.21
5.09
0.98
0.69
2.58
4.25
9.22
9.26
9.22
8.72
4.91
2.80
6.20
5.97
5.16
4.37
5.20
4.47
4.94
4.81
3.84
4.56
6.02
5.72
5.83
9.51
9.37
5.36
4.94
4.59
5.10
9.89
7.15
7.11
4.06
4.62
5.00
3.86
4.15
5.25
4.51
4.40
3.42
4.60
5.93
5.57
5.90
4.09
9.92
8.94
4.42
8.70
3.72
8.89
5.40
8.89
4.96
5.57
6.37
3.49
4.25
4.73
9.77
9.77
7.25
10.05
7.85
10.10
5.85
9.77
7.33
8.26
7.46
7.82
3.19
10.59
4.55
6.05
9.44
9.60
8.20
8.92
9.48
7.02
11.50
8.38
6.10
9.21
4.79
9.66
11.57
9.24
11.88
11.44
9.47
11.29
7.45
6.19
8.87
10.92
7.10
10.87
10.85
10.56
9.15
8.06
6.66
10.24
9.33
7.16
9.29
8.32
8.60
9.23
8.54
10.36
10.45
10.68
11.10
10.21
10.96
10.48
8.70
9.83
10.13
9.97
9.25
8.30
9.66
10.37
7.63
8.31
10.97
10.76
11.29
10.99
10.94
10.77
11.44
10.59
10.84
10.40
10.08
8.90
9.10
10.27
7.05
10.40
8.31
9.80
9.59
3.47
2.29
0.64
1.40
3.12
3.31
2.72
3.41
10.01
3.94
1.92
9.27
9.10
9.81
12.01
10.69
5.46
1.07
2.95
2.62
3.29
3.57
2.70
4.85
2.81
3.68
6.84
3.93
3.66
5.79
3.31
5.16
5.65
0.51
5.81
6.30
8.72
4.40
6.10
3.75
4.82
8.61
8.01
7.36
8.23
2.93
8.12
8.51
6.47
5.67
5.79
8.98
6.95
8.10
4.00
5.25
8.02
8.50
1.08
1.23
1.44
2.27
3.61
2.31
2.44
3.55
3.20
4.10
8.44
9.64
5.20
8.26
4.30
2.97
1.78
9.60
6.20
8.77
6.04
4.50
6.70
4.36
5.64
5.29
12.58
9.17
1.73
3.76
6.60
10.00
6.90
4.48
4.65
3.43
3.51
9.48
6.65
4.96
4.17
5.00
6.76
9.55
9.21
6.66
3.06
7.29
5.65
8.18
1.60
6.10
8.70
3.70
8.30
2.57
3.71
2.58
4.25
9.15
9.27
4.75
5.36
4.97
8.28
7.41
5.26
8.79
7.81
5.33
9.93
9.30
2.23
5.80
3.10
8.97
10.23
9.75
5.12
6.02
5.72
4.37
5.15
4.42
9.90
5.67
9.94
9.93
5.56
5.32
10.38
5.95
5.82
10.27
8.00
7.06
7.06
5.35
5.90
4.67
4.71
4.22
8.60
5.86
9.36
9.31
4.05
7.10
7.30
9.30
9.06
3.73
9.51
6.01
5.83
4.53
4.59
8.84
10.85
3.43
9.39
9.41
7.17
8.69
8.26
3.70
5.17
10.18
10.16
9.41
10.23
6.16
9.70
9.54
6.18
1.40
7.42
4.84
8.80
11.70
5.33
9.40
9.27
9.64
5.01
10.08
7.20
5.19
10.70
10.90
11.88
11.15
8.70
9.22
9.50
7.07
9.13
7.96
10.04
9.12
8.51
9.25
5.19
10.47
10.01
10.14
11.17
10.46
10.24
10.76
8.90
10.33
10.10
9.49
8.20
8.27
11.02
10.47
11.86
10.06
7.83
9.07
9.00
8.90
9.00
9.33
9.20
9.55
5.99
2.88
1.94
5.36
4.89
4.65
4.18
4.93
4.62
5.72
1.01
5.26
5.48
5.02
5.70
5.85
5.66
5.20
11.25
4.80
4.50
6.00
4.32
0.95
2.80
5.63
5.46
6.65
4.01
7.17
6.06
5.59
6.28
7.62
3.21
0.28
3.13
2.90
9.88
1.80
10.71
9.74
6.00
4.10
2.60
3.06
3.04
4.10
1.36
6.96
1.10
1.15
1.81
0.40
5.05
2.81
10.76
13.10
4.62
7.87
9.18
4.60
1.07
8.80
12.83
2.66
5.46
8.51
9.10
8.20
9.97
4.94
3.53
9.00
7.30
2.49
8.22
8.06
9.11
8.11
1.70
2.22
2.19
3.78
9.62
5.67
9.78
8.71
4.62
4.04
8.68
5.72
8.70
10.60
10.21
10.34
10.38
9.47
8.20
7.39
8.53
10.10
6.91
8.91
10.73
10.08
9.39
11.30
11.25
11.01
11.90
9.00
8.80
11.10
4.67
4.25
4.76
4.40
4.42
4.55
2.86
2.80
11.02
5.25
3.92
4.01
3.17
5.29
3.70
4.93
4.95
4.84
5.69
7.00
5.70
10.22
7.26
0.50
7.69
0.25
5.31
6.12
2.40
4.69
9.51
9.12
3.20
9.58
10.00
7.71
5.42
9.24
3.39
9.99
10.76
9.44
7.18
6.49
4.80
8.02
3.67
9.60
7.47
2.64
9.54
8.70
9.55
8.65
6.75
10.47
11.00
10.56
9.91
10.52
9.00
10.18
9.80
1.20
6.15
7.01
3.98
4.20
3.30
4.36
7.39
3.33
5.89
3.66
0.76
2.82
4.16
2.86
4.44
8.99
4.19
10.40
3.34
8.48
5.97
6.12
6.17
9.60
5.60
5.93
8.90
11.01
8.23
8.06
6.19
6.32
3.15
8.65
8.62
6.39
2.36
8.20
8.77
10.15
9.60
10.80
9.10
4.96
3.90
6.00
6.24
5.26
5.88
4.78
5.87
4.84
4.47
6.18
11.49
3.01
4.73
5.00
7.05
5.36
6.30
1.44
7.73
3.20
3.04
9.94
4.20
2.26
4.55
7.18
8.40
6.50
8.88
10.20
6.50
7.85
5.34
8.67
8.90
7.95
10.08
8.55
10.08
10.52
8.90
4.25
4.39
4.50
2.38
5.44
5.94
7.14
6.45
6.08
4.83
4.85
5.99
10.35
5.26
4.01
6.10
2.40
6.39
4.43
9.23
7.10
4.20
7.00
6.22
8.01
2.93
10.17
4.10
10.40
10.62
11.01
5.00
7.50
0.84
4.70
1.81
3.01
7.50
5.27
5.93
6.26
6.79
6.16
5.00
4.91
2.99
2.33
7.65
4.89
4.63
5.35
6.71
9.12
8.67
10.29
8.19
9.54
9.59
7.90
6.28
8.37
0.91
5.30
7.55
6.45
10.73
2.16
3.35
9.61
6.37
9.32
8.66
6.50
4.56
7.20
7.10
5.50
1.12
8.52
4.90
10.42
10.06
7.13
2.59
8.88
8.95
9.20
10.20
9.66
9.60
9.69
9.20
6.70
4.72
9.12
8.31
6.30
6.01
7.67
8.05
10.65
7.05
8.50
10.37
7.27
4.89
7.80
7.31
7.68
9.50
9.70
8.31
6.90
9.00
10.02
8.11
8.36
9.01
6.30
1.22
4.90
9.00
6.09
6.17
7.24
8.96
8.03
8.70
8.67
6.54
8.46
3.33
5.60
8.18
8.09
5.43
7.28
8.62
9.28
8.71
9.13
7.54
8.86
5.70
8.74
6.81
5.34
8.70
8.58
9.40
0.25
4.30
6.05
4.95
10.84
5.20
7.12
7.92
9.83
10.36
9.59
4.00
9.43
5.46
7.53
9.10
10.11
1.02
10.64
9.91
8.63
9.93
9.06
8.28
10.36
13.60
9.60
9.36
9.55
7.66
6.19
9.89
9.30
1.30
0.57
8.23
6.69
3.55
7.15
6.03
9.23
4.23
9.54
4.50
9.40
7.91
10.40
7.15
7.74
9.81
4.65
10.58
9.39
9.86
9.62
10.06
10.78
9.03
1.04
10.80
11.03
8.96
8.51
6.25
10.29
2.45
4.23
8.99
8.60
3.25
9.16
6.08
9.80
2.50
2.52
9.73
3.70
6.25
10.75
4.52
8.39
7.65
10.70
8.95
10.72
9.64
8.09
3.56
7.64
10.50
9.57
8.70
8.75
12.70
11.90
10.99
10.89
10.08
9.43
7.08
9.54
9.71
10.50
8.30
9.05
11.20
10.96
10.40
13.80
9.75
8.69
10.46
10.13
6.88
10.55
9.15
6.10
4.05
5.32
4.58
7.18
8.00
2.50
9.11
3.14
8.74
9.20
5.81
5.41
9.92
3.70
6.65
4.29
4.66
5.70
4.58
7.40
2.70
1.95
9.15
8.47
2.10
4.24
10.06
1.61
6.63
2.85
5.23
9.14
4.17
4.81
5.15
6.97
3.94
9.37
11.70
4.55
3.50
7.40
8.88
9.60
7.90
6.45
10.35
6.89
5.18
10.68
10.99
10.52
8.55
10.16
10.60
10.95
6.66
10.87
9.75
8.70
9.77
10.39
10.36
10.59
8.95
1.31
1.74
8.65
2.92
0.34
4.60
3.05
2.10
4.55
2.21
4.70
5.13
2.70
4.09
5.08
3.00
8.50
7.63
7.27
4.17
5.04
6.77
6.57
3.16
3.56
4.02
5.08
6.49
5.35
8.89
5.37
5.84
5.14
2.01
5.58
2.56
9.42
8.77
5.29
4.75
7.35
9.36
9.23
9.64
4.24
9.67
5.28
3.72
5.71
3.72
8.94
8.60
3.36
5.36
9.33
9.98
9.77
6.80
10.32
7.38
3.77
4.69
6.73
7.55
7.12
8.31
10.74
8.31
11.33
8.90
10.10
6.91
8.45
6.79
7.14
7.31
9.78
11.27
8.70
11.90
10.42
8.26
8.78
10.83
10.28
10.40
9.65
8.90
7.31
3.51
3.65
0.85
8.61
11.99
4.46
5.04
4.60
4.80
6.60
2.21
2.13
5.67
8.15
5.44
8.23
7.25
4.70
5.49
6.29
3.18
2.40
5.86
8.05
5.66
6.55
5.57
6.47
3.48
6.60
5.35
7.00
6.71
10.06
3.60
8.46
9.00
9.00
7.88
5.64
5.26
4.36
4.92
6.12
9.78
6.00
5.72
6.30
4.25
4.89
9.79
8.81
5.70
8.01
8.77
9.02
9.77
7.20
10.30
3.80
9.61
8.31
6.16
10.40
10.95
10.10
8.55
10.08
5.84
10.65
10.51
10.29
10.60
11.20
9.10
9.20
9.65
3.46
3.70
5.60
0.70
4.30
5.40
11.74
6.39
2.52
6.20
5.05
1.31
3.18
5.67
12.20
5.70
9.45
4.64
4.05
6.05
